[0, 9, 14, 20, 23, 27, 28, 41, 42, 46, 49, 55, 60, 69]
[0, 9, 14, 21, 22, 26, 29, 40, 43, 47, 48, 55, 60, 69]
[0, 10, 13, 19, 24, 27, 28, 41, 42, 45, 50, 56, 59, 69]
[0, 10, 13, 21, 22, 25, 30, 39, 44, 47, 48, 56, 59, 69]
[0, 11, 12, 19, 24, 26, 29, 40, 43, 45, 50, 57, 58, 69]
[0, 11, 12, 20, 23, 25, 30, 39, 44, 46, 49, 57, 58, 69]
[1, 6, 14, 17, 23, 27, 31, 38, 42, 46, 52, 55, 63, 68]
[1, 6, 14, 18, 22, 26, 32, 37, 43, 47, 51, 55, 63, 68]
[1, 7, 13, 16, 24, 27, 31, 38, 42, 45, 53, 56, 62, 68]
[1, 7, 13, 18, 22, 25, 33, 36, 44, 47, 51, 56, 62, 68]
[1, 8, 12, 16, 24, 26, 32, 37, 43, 45, 53, 57, 61, 68]
[1, 8, 12, 17, 23, 25, 33, 36, 44, 46, 52, 57, 61, 68]
[2, 5, 14, 17, 21, 29, 31, 38, 40, 48, 52, 55, 64, 67]
[2, 5, 14, 18, 20, 28, 32, 37, 41, 49, 51, 55, 64, 67]
[2, 7, 11, 15, 24, 29, 31, 38, 40, 45, 54, 58, 62, 67]
[2, 7, 11, 18, 20, 25, 34, 35, 44, 49, 51, 58, 62, 67]
[2, 8, 10, 15, 24, 28, 32, 37, 41, 45, 54, 59, 61, 67]
[2, 8, 10, 17, 21, 25, 34, 35, 44, 48, 52, 59, 61, 67]
[3, 5, 13, 16, 21, 30, 31, 38, 39, 48, 53, 56, 64, 66]
[3, 5, 13, 18, 19, 28, 33, 36, 41, 50, 51, 56, 64, 66]
[3, 6, 11, 15, 23, 30, 31, 38, 39, 46, 54, 58, 63, 66]
[3, 6, 11, 18, 19, 26, 34, 35, 43, 50, 51, 58, 63, 66]
[3, 8, 9, 15, 23, 28, 33, 36, 41, 46, 54, 60, 61, 66]
[3, 8, 9, 16, 21, 26, 34, 35, 43, 48, 53, 60, 61, 66]
[4, 5, 12, 16, 20, 30, 32, 37, 39, 49, 53, 57, 64, 65]
[4, 5, 12, 17, 19, 29, 33, 36, 40, 50, 52, 57, 64, 65]
[4, 6, 10, 15, 22, 30, 32, 37, 39, 47, 54, 59, 63, 65]
[4, 6, 10, 17, 19, 27, 34, 35, 42, 50, 52, 59, 63, 65]
[4, 7, 9, 15, 22, 29, 33, 36, 40, 47, 54, 60, 62, 65]
[4, 7, 9, 16, 20, 27, 34, 35, 42, 49, 53, 60, 62, 65]
